1 19496.2869 19496.2869
2 9620.1411 9620.1411
3 3195.3476 3195.3476
4 12337.0105 12337.0105
5 25374.8886 25374.8886
6 1524.5268 1524.5268
7 23882.0179 23882.0179
8 18755.2101 18755.2101
9 16678.9867 16678.9867
10 19436.1783 19436.1783
11 15978.4371 15978.4371
12 17423.5332 17423.5332
13 28201.5287 28201.5287
14 11188.7755 11188.7755
15 20616.0395 20616.0395
16 19788.8668 19788.8668
17 8473.0405 8473.0405
18 4978.3983 4978.3983
19 21671.9747 21671.9747
20 15581.1990 15581.1990
21 7093.1748 7093.1748
22 23245.3021 23245.3021
23 21350.4901 21350.4901
24 19020.5807 19020.5807
25 12372.2293 12372.2293
26 5113.5249 5113.5249
27 6751.1198 6751.1198
28 6474.3526 6474.3526
29 27082.1053 27082.1053
30 22381.9094 22381.9094
31 24002.6708 24002.6708
32 14784.7927 14784.7927
33 29209.3828 29209.3828
34 29711.2448 29711.2448
35 1813.0856 1813.0856
36 9098.5639 9098.5639
37 19895.8160 19895.8160
38 4076.1923 4076.1923
39 6221.2816 6221.2816
40 4281.7929 4281.7929
41 27656.1545 27656.1545
42 732.3127 732.3127
43 1804.9606 1804.9606
44 859.3164 859.3164
45 24290.0035 24290.0035
46 9366.7096 9366.7096
47 24377.7442 24377.7442
48 14025.5125 14025.5125
49 11386.6803 11386.6803
50 5382.5385 5382.5385
51 5144.0330 5144.0330
52 5657.0887 5657.0887
53 13834.1172 13834.1172
54 18638.0067 18638.0067
55 9210.4490 9210.4490
56 29086.3480 29086.3480
57 2181.0773 2181.0773
58 25726.7482 25726.7482
59 23837.5202 23837.5202
60 9609.5554 9609.5554
61 14340.8930 14340.8930
62 404.9741 404.9741
63 21093.4636 21093.4636
64 16573.7823 16573.7823
65 7904.1077 7904.1077
66 19522.2022 19522.2022
67 11432.5112 11432.5112
68 12125.0162 12125.0162
69 9745.7285 9745.7285
70 5848.2781 5848.2781
71 4946.6197 4946.6197
72 20416.8251 20416.8251
73 8103.0424 8103.0424
74 23243.8478 23243.8478
75 18011.7141 18011.7141
76 15711.4457 15711.4457
77 28051.6516 28051.6516
78 29556.0580 29556.0580
79 19534.3508 19534.3508
80 5005.9808 5005.9808
81 16056.6675 16056.6675
82 25198.0839 25198.0839
83 24028.0552 24028.0552
84 3396.9231 3396.9231
85 19270.0411 19270.0411
86 6620.7493 6620.7493
87 6711.2970 6711.2970
88 22148.6214 22148.6214
89 21595.7982 21595.7982
90 20128.1836 20128.1836
91 3770.7777 3770.7777
92 12711.1117 12711.1117
93 8846.3933 8846.3933
94 3876.5786 3876.5786
95 5543.2211 5543.2211
96 16918.7818 16918.7818
97 2676.8008 2676.8008
98 15660.5611 15660.5611
99 28825.3232 28825.3232
100 8235.6736 8235.6736
101 11557.9495 11557.9495
102 22899.5934 22899.5934
103 22909.8589 22909.8589
104 13038.6104 13038.6104
105 26225.2367 26225.2367
106 6407.0043 6407.0043
107 13318.5591 13318.5591
108 10547.6402 10547.6402
109 24161.4202 24161.4202
110 25695.3691 25695.3691
111 17736.6773 17736.6773
112 13320.5870 13320.5870
113 22875.8961 22875.8961
114 7011.7061 7011.7061
115 7966.0291 7966.0291
116 18171.0022 18171.0022
117 19987.2069 19987.2069
118 29989.5913 29989.5913
119 7615.5203 7615.5203
120 16424.2260 16424.2260
121 1536.4104 1536.4104
122 3518.5884 3518.5884
123 14650.7817 14650.7817
124 7644.5288 7644.5288
125 18015.0515 18015.0515
126 28281.7433 28281.7433
127 28186.8095 28186.8095
128 14706.8314 14706.8314
129 12005.4497 12005.4497
130 13347.8783 13347.8783
131 10486.6207 10486.6207
132 9358.4827 9358.4827
133 13946.1099 13946.1099
134 16725.6782 16725.6782
135 7122.3019 7122.3019
136 28073.2222 28073.2222
137 14043.1780 14043.1780
138 14200.8708 14200.8708
139 17588.9350 17588.9350
140 22508.1351 22508.1351
141 10132.2828 10132.2828
142 5913.6033 5913.6033
143 4675.0594 4675.0594
144 1372.9428 1372.9428
145 10444.4656 10444.4656
146 14665.0647 14665.0647
147 19723.0609 19723.0609
148 2647.1570 2647.1570
149 703.5986 703.5986
150 21987.0839 21987.0839
151 24477.8693 24477.8693
152 12631.4649 12631.4649
153 24251.2479 24251.2479
154 24991.3651 24991.3651
155 4004.4789 4004.4789
156 2496.1301 2496.1301
157 12503.8307 12503.8307
158 2017.0618 2017.0618
159 20393.6696 20393.6696
160 19297.4663 19297.4663
161 14476.3493 14476.3493
162 25846.1118 25846.1118
163 1127.0895 1127.0895
164 5771.0477 5771.0477
165 10943.6363 10943.6363
166 535.0546 535.0546
167 1808.3756 1808.3756
168 5019.8249 5019.8249
169 29497.2160 29497.2160
170 4951.5664 4951.5664
171 13387.6744 13387.6744
172 29251.8906 29251.8906
173 7960.5251 7960.5251
174 14180.2137 14180.2137
175 16425.7907 16425.7907
176 23332.5731 23332.5731
177 29513.3570 29513.3570
178 5836.7133 5836.7133
179 5480.0170 5480.0170
180 28622.6257 28622.6257
181 10777.4203 10777.4203
182 22227.9932 22227.9932
183 1597.4520 1597.4520
184 24777.5911 24777.5911
185 14002.4605 14002.4605
186 3595.3421 3595.3421
187 28474.7986 28474.7986
188 18198.5864 18198.5864
189 15056.2902 15056.2902
190 11162.9853 11162.9853
191 2687.6510 2687.6510
192 10648.8377 10648.8377
193 25691.4191 25691.4191
194 9970.7709 9970.7709
195 9053.8405 9053.8405
196 2541.8086 2541.8086
197 3705.7563 3705.7563
198 12411.4976 12411.4976
199 3508.2681 3508.2681
200 5891.5017 5891.5017
201 6155.9027 6155.9027
202 3138.5885 3138.5885
203 17789.0502 17789.0502
204 19679.6441 19679.6441
205 29168.9282 29168.9282
206 21759.5353 21759.5353
207 9241.8105 9241.8105
208 16718.8983 16718.8983
209 3707.1586 3707.1586
210 23354.7574 23354.7574
211 22087.2965 22087.2965
212 24268.2092 24268.2092
213 23732.2284 23732.2284
214 26334.7553 26334.7553
215 14355.6231 14355.6231
216 9004.1731 9004.1731
217 4809.8319 4809.8319
218 6318.6915 6318.6915
219 10963.4736 10963.4736
220 23811.1966 23811.1966
221 5661.8069 5661.8069
222 20656.5129 20656.5129
223 10482.8302 10482.8302
224 14967.4957 14967.4957
225 14587.4125 14587.4125
226 10370.0073 10370.0073
227 28998.2949 28998.2949
228 13050.5713 13050.5713
229 5007.7886 5007.7886
230 3512.9161 3512.9161
231 16815.1058 16815.1058
232 5908.7456 5908.7456
233 8167.0418 8167.0418
234 23526.2217 23526.2217
235 24716.1683 24716.1683
236 1322.0499 1322.0499
237 5293.9215 5293.9215
238 2024.1796 2024.1796
239 9093.3894 9093.3894
240 9659.8755 9659.8755
241 13994.3550 13994.3550
242 5986.0380 5986.0380
243 1258.6452 1258.6452
244 23171.6158 23171.6158
245 20312.8747 20312.8747
246 26682.3944 26682.3944
247 19774.8804 19774.8804
248 29793.0615 29793.0615
249 19275.5091 19275.5091
250 1831.4796 1831.4796
251 15014.6205 15014.6205
252 26203.7295 26203.7295
253 13595.3456 13595.3456
254 24511.8528 24511.8528
255 19083.8962 19083.8962
256 1447.8312 1447.8312
257 21828.6947 21828.6947
258 21897.8025 21897.8025
259 12592.4435 12592.4435
260 22103.9561 22103.9561
261 8716.3227 8716.3227
262 8794.1197 8794.1197
263 23906.1791 23906.1791
264 19749.4579 19749.4579
265 29660.9962 29660.9962
266 12792.9608 12792.9608
267 5818.9111 5818.9111
268 9350.2394 9350.2394
269 13549.7431 13549.7431
270 990.3892 990.3892
271 13720.9109 13720.9109
272 23862.9521 23862.9521
273 11046.0205 11046.0205
274 13520.5099 13520.5099
275 1812.0659 1812.0659
276 4797.6340 4797.6340
277 10072.4668 10072.4668
278 7238.5372 7238.5372
279 12392.0929 12392.0929
280 17106.0253 17106.0253
281 11790.2324 11790.2324
282 9293.4624 9293.4624
283 17409.7569 17409.7569
284 3744.8646 3744.8646
285 14506.6054 14506.6054
286 19400.1382 19400.1382
287 23787.2332 23787.2332
288 23597.9878 23597.9878
289 9024.6186 9024.6186
290 24770.0592 24770.0592
291 17606.7329 17606.7329
292 27503.6878 27503.6878
293 5298.2174 5298.2174
294 4441.7198 4441.7198
295 4747.2421 4747.2421
296 11096.3791 11096.3791
297 28365.4363 28365.4363
298 8040.0464 8040.0464
299 19503.3562 19503.3562
300 14990.5052 14990.5052
301 21873.3851 21873.3851
302 5936.7891 5936.7891
303 26966.3929 26966.3929
304 22467.5191 22467.5191
305 2824.2960 2824.2960
306 799.8854 799.8854
307 13767.5890 13767.5890
308 21641.8213 21641.8213
309 24530.5850 24530.5850
310 27105.6912 27105.6912
311 16006.1056 16006.1056
312 13389.6651 13389.6651
313 6293.1470 6293.1470
314 16780.4006 16780.4006
315 19657.4929 19657.4929
316 16523.3260 16523.3260
317 27334.3781 27334.3781
318 10969.6433 10969.6433
319 7947.2917 7947.2917
320 12678.2591 12678.2591
321 19287.9706 19287.9706
322 920.4905 920.4905
323 14868.1010 14868.1010
324 20441.4096 20441.4096
325 20643.3416 20643.3416
326 25693.1378 25693.1378
327 3226.5760 3226.5760
328 18030.4028 18030.4028
329 13229.6073 13229.6073
330 17815.5329 17815.5329
331 15669.6422 15669.6422
332 18153.1964 18153.1964
333 3353.2289 3353.2289
334 26415.8235 26415.8235
335 4203.9993 4203.9993
336 4701.3553 4701.3553
337 23994.0090 23994.0090
338 10257.3174 10257.3174
339 7985.5511 7985.5511
340 3587.7345 3587.7345
341 8519.8952 8519.8952
342 18027.7366 18027.7366
343 17237.2218 17237.2218
344 13193.9413 13193.9413
345 14172.5502 14172.5502
346 3939.0556 3939.0556
347 23320.3371 23320.3371
348 5516.3868 5516.3868
349 11358.2329 11358.2329
350 2332.9403 2332.9403
351 10680.9638 10680.9638
352 744.4758 744.4758
353 3334.3163 3334.3163
354 185.7875 185.7875
355 7089.1174 7089.1174
356 19520.9107 19520.9107
357 10986.7912 10986.7912
358 1507.1236 1507.1236
359 29460.9261 29460.9261
360 1754.1691 1754.1691
361 3424.0387 3424.0387
362 16190.9204 16190.9204
363 25169.8955 25169.8955
364 28475.2021 28475.2021
365 5217.0895 5217.0895
366 5040.6036 5040.6036
367 621.4248 621.4248
368 8128.1552 8128.1552
369 23892.2553 23892.2553
370 3105.0464 3105.0464
371 4645.7538 4645.7538
372 18291.1647 18291.1647
373 9714.2191 9714.2191
374 6647.4953 6647.4953
375 28509.4080 28509.4080
376 15245.3618 15245.3618
377 16268.2230 16268.2230
378 2290.6972 2290.6972
379 14063.2525 14063.2525
380 1217.4961 1217.4961
381 766.2363 766.2363
382 6643.5160 6643.5160
383 24258.7199 24258.7199
384 7034.3232 7034.3232
385 21590.4690 21590.4690
386 12387.9472 12387.9472
387 17224.9682 17224.9682
388 27033.2699 27033.2699
389 4694.3212 4694.3212
390 2327.3396 2327.3396
391 25798.9198 25798.9198
392 25424.0822 25424.0822
393 22750.4546 22750.4546
394 13106.9870 13106.9870
395 15391.8805 15391.8805
396 7565.9525 7565.9525
397 990.9074 990.9074
398 3016.4104 3016.4104
399 9315.7665 9315.7665
400 17322.7771 17322.7771
401 26044.0403 26044.0403
402 17871.1601 17871.1601
403 18603.0611 18603.0611
404 8671.6408 8671.6408
405 20710.5879 20710.5879
406 15339.1129 15339.1129
407 26207.7217 26207.7217
408 3697.8996 3697.8996
409 12279.3087 12279.3087
410 20663.1255 20663.1255
411 10257.6145 10257.6145
412 24751.4743 24751.4743
413 10389.7363 10389.7363
414 20983.9843 20983.9843
415 24091.0315 24091.0315
416 3634.6814 3634.6814
417 3593.6235 3593.6235
418 28271.3767 28271.3767
419 15994.0172 15994.0172
420 27266.3849 27266.3849
421 16927.8308 16927.8308
422 24808.3987 24808.3987
423 6593.9107 6593.9107
424 7014.6075 7014.6075
425 6356.2413 6356.2413
426 24826.5324 24826.5324
427 11261.7119 11261.7119
428 6838.6611 6838.6611
429 19258.3073 19258.3073
430 18520.7741 18520.7741
431 8118.3038 8118.3038
432 7129.8233 7129.8233
433 10044.4574 10044.4574
434 10253.5371 10253.5371
435 12603.7545 12603.7545
436 19662.7003 19662.7003
437 24435.1791 24435.1791
438 8369.4029 8369.4029
439 8105.6591 8105.6591
440 25852.8668 25852.8668
441 22058.2955 22058.2955
442 9311.9021 9311.9021
443 9009.0098 9009.0098
444 202.8937 202.8937
445 4508.6323 4508.6323
446 9731.8511 9731.8511
447 26160.3755 26160.3755
448 1219.5096 1219.5096
449 24674.0495 24674.0495
450 11197.3320 11197.3320
451 2761.0342 2761.0342
452 11535.2458 11535.2458
453 24927.5014 24927.5014
454 10484.3785 10484.3785
455 10448.8200 10448.8200
456 18703.6136 18703.6136
457 20602.2826 20602.2826
458 24769.2379 24769.2379
459 26580.1299 26580.1299
460 12486.3530 12486.3530
461 19383.1667 19383.1667
462 27525.6352 27525.6352
463 7045.8198 7045.8198
464 11795.6962 11795.6962
465 16636.0053 16636.0053
466 25432.5188 25432.5188
467 17803.7977 17803.7977
468 27821.4297 27821.4297
469 2310.3419 2310.3419
470 16424.9100 16424.9100
471 20244.0820 20244.0820
472 14620.0340 14620.0340
473 8616.8989 8616.8989
474 2644.1911 2644.1911
475 13818.8893 13818.8893
476 8604.7259 8604.7259
477 29010.3596 29010.3596
478 25683.8332 25683.8332
479 2766.8023 2766.8023
480 17901.5340 17901.5340
481 19293.2506 19293.2506
482 9614.3802 9614.3802
483 7806.3946 7806.3946
484 24561.5422 24561.5422
485 18436.0615 18436.0615
486 1146.8917 1146.8917
487 3179.6072 3179.6072
488 19496.0247 19496.0247
489 14774.0225 14774.0225
490 5524.5607 5524.5607
491 12053.5186 12053.5186
492 15905.9179 15905.9179
493 18268.9170 18268.9170
494 13303.6041 13303.6041
495 19864.3049 19864.3049
496 8254.5748 8254.5748
497 18335.0387 18335.0387
498 6955.6046 6955.6046
499 11960.6229 11960.6229
500 12928.6104 12928.6104
501 25709.5147 25709.5147
502 27843.5437 27843.5437
503 272.8517 272.8517
504 19631.8652 19631.8652
505 26412.2899 26412.2899
506 4642.1592 4642.1592
507 7131.7869 7131.7869
508 21333.8773 21333.8773
509 19536.2363 19536.2363
510 10771.7165 10771.7165
511 5632.8511 5632.8511
512 14984.2444 14984.2444
513 25301.2181 25301.2181
514 26901.7332 26901.7332
515 1685.5844 1685.5844
516 25046.1704 25046.1704
517 21235.9354 21235.9354
518 5088.9162 5088.9162
519 5337.4108 5337.4108
520 12909.9048 12909.9048
521 3401.3486 3401.3486
522 15099.3579 15099.3579
523 27842.3321 27842.3321
524 29076.2864 29076.2864
525 24233.7413 24233.7413
526 458.2827 458.2827
527 24547.1357 24547.1357
528 21189.7563 21189.7563
529 5442.6946 5442.6946
530 4879.9685 4879.9685
531 5070.5061 5070.5061
532 16091.8728 16091.8728
533 12456.3021 12456.3021
534 866.1338 866.1338
535 15872.2793 15872.2793
536 8307.1271 8307.1271
537 10793.8305 10793.8305
538 17341.0778 17341.0778
539 12339.7268 12339.7268
540 18679.7876 18679.7876
541 2822.0814 2822.0814
542 16055.8541 16055.8541
543 17364.7214 17364.7214
544 21340.2064 21340.2064
545 28342.1265 28342.1265
546 8532.5309 8532.5309
547 15872.0497 15872.0497
548 7717.7058 7717.7058
549 26479.1748 26479.1748
550 7857.8136 7857.8136
551 3206.8495 3206.8495
552 4832.0066 4832.0066
553 13108.1509 13108.1509
554 21436.4366 21436.4366
555 14252.0492 14252.0492
556 23564.4982 23564.4982
557 20710.2323 20710.2323
558 380.6910 380.6910
559 14127.7060 14127.7060
560 19289.8875 19289.8875
561 7975.6432 7975.6432
562 28023.0637 28023.0637
563 19400.1017 19400.1017
564 10195.6259 10195.6259
565 2466.3735 2466.3735
566 20046.6479 20046.6479
567 26035.2263 26035.2263
568 11089.5274 11089.5274
569 27993.8858 27993.8858
570 5851.0117 5851.0117
571 16442.9047 16442.9047
572 23449.5579 23449.5579
573 29726.6782 29726.6782
574 14501.5328 14501.5328
575 19035.8080 19035.8080
576 26667.0723 26667.0723
577 18286.8795 18286.8795
578 12783.7206 12783.7206
579 15033.7303 15033.7303
580 10561.8841 10561.8841
581 1856.0712 1856.0712
582 4210.5313 4210.5313
583 10276.3117 10276.3117
584 17511.5295 17511.5295
585 29953.2599 29953.2599
586 28212.9664 28212.9664
587 11798.3881 11798.3881
588 26394.9640 26394.9640
589 6885.7962 6885.7962
590 17811.4457 17811.4457
591 28797.2983 28797.2983
592 4381.7452 4381.7452
593 16753.5845 16753.5845
594 11497.2407 11497.2407
595 9796.5417 9796.5417
596 25651.3792 25651.3792
597 20534.9461 20534.9461
598 24730.9681 24730.9681
599 1012.3834 1012.3834
600 2211.7396 2211.7396
601 15996.7464 15996.7464
602 13703.8330 13703.8330
603 15014.8295 15014.8295
604 12935.3627 12935.3627
605 18633.1717 18633.1717
606 8874.4091 8874.4091
607 27926.3751 27926.3751
608 3533.0154 3533.0154
609 333.6438 333.6438
610 20429.7535 20429.7535
611 11107.7441 11107.7441
612 17468.2731 17468.2731
613 5111.9077 5111.9077
614 24507.3936 24507.3936
615 17454.2096 17454.2096
616 9526.2202 9526.2202
617 1303.9687 1303.9687
618 29176.3521 29176.3521
619 701.9104 701.9104
620 13962.5547 13962.5547
621 11475.8224 11475.8224
622 7689.1619 7689.1619
623 5261.4004 5261.4004
624 2476.8110 2476.8110
625 21376.3328 21376.3328
626 2839.5484 2839.5484
627 9492.5665 9492.5665
628 25552.2509 25552.2509
629 18253.7717 18253.7717
630 18036.2706 18036.2706
631 16131.0108 16131.0108
632 10978.1282 10978.1282
633 18114.7233 18114.7233
634 6166.6919 6166.6919
635 8165.7722 8165.7722
636 14213.8122 14213.8122
637 26877.1029 26877.1029
638 21231.1499 21231.1499
639 17962.2325 17962.2325
640 17765.0634 17765.0634
641 25530.0392 25530.0392
642 2672.6097 2672.6097
643 7824.5316 7824.5316
644 27637.0314 27637.0314
645 17113.2448 17113.2448
646 29732.8671 29732.8671
647 24472.3299 24472.3299
648 12061.4857 12061.4857
649 3633.7331 3633.7331
650 19062.3051 19062.3051
651 13593.4050 13593.4050
652 26978.7656 26978.7656
653 25625.6291 25625.6291
654 26806.5076 26806.5076
655 10070.8564 10070.8564
656 7720.9117 7720.9117
657 25899.9605 25899.9605
658 7167.5151 7167.5151
659 762.4614 762.4614
660 406.5571 406.5571
661 1593.5983 1593.5983
662 4546.7934 4546.7934
663 6573.4937 6573.4937
664 12095.8072 12095.8072
665 20227.7452 20227.7452
666 8532.2855 8532.2855
667 22026.4119 22026.4119
668 7753.6834 7753.6834
669 5349.3821 5349.3821
670 18473.6976 18473.6976
671 18305.5491 18305.5491
672 15962.6719 15962.6719
673 230.4168 230.4168
674 11256.5364 11256.5364
675 2581.9996 2581.9996
676 17199.5635 17199.5635
677 123.5535 123.5535
678 15987.6534 15987.6534
679 25931.8477 25931.8477
680 9994.3010 9994.3010
681 24085.9469 24085.9469
682 19551.3788 19551.3788
683 7151.1641 7151.1641
684 26585.0073 26585.0073
685 21864.0355 21864.0355
686 2265.4492 2265.4492
687 29720.7421 29720.7421
688 1816.6635 1816.6635
689 1987.3974 1987.3974
690 4698.7492 4698.7492
691 24245.1000 24245.1000
692 12372.8702 12372.8702
693 25878.0732 25878.0732
694 24034.3058 24034.3058
695 25791.9111 25791.9111
696 6937.0122 6937.0122
697 12454.7501 12454.7501
698 9348.7158 9348.7158
699 20662.4304 20662.4304
700 6853.9683 6853.9683
701 14079.5984 14079.5984
702 23412.4460 23412.4460
703 15602.8804 15602.8804
704 26265.4277 26265.4277
705 9485.7828 9485.7828
706 3450.8680 3450.8680
707 24592.4580 24592.4580
708 25037.1018 25037.1018
709 28307.4091 28307.4091
710 14056.6318 14056.6318
711 22490.9678 22490.9678
712 17815.5164 17815.5164
713 23222.4097 23222.4097
714 18807.5884 18807.5884
715 26964.1162 26964.1162
716 13209.0996 13209.0996
717 24416.5756 24416.5756
718 9079.1419 9079.1419
719 9285.6735 9285.6735
720 29049.8805 29049.8805
721 21689.9534 21689.9534
722 28453.6224 28453.6224
723 4647.5894 4647.5894
724 20061.1727 20061.1727
725 25142.0954 25142.0954
726 15180.8396 15180.8396
727 12620.1622 12620.1622
728 24303.0273 24303.0273
729 26863.0231 26863.0231
730 24746.2557 24746.2557
731 884.1140 884.1140
732 19245.2342 19245.2342
733 1309.9844 1309.9844
734 20411.1419 20411.1419
735 8599.2242 8599.2242
736 20395.1610 20395.1610
737 13468.6336 13468.6336
738 13042.1421 13042.1421
739 18873.8605 18873.8605
740 20500.4180 20500.4180
741 28544.6408 28544.6408
742 5897.1231 5897.1231
743 13796.8164 13796.8164
744 7983.5905 7983.5905
745 22185.4224 22185.4224
746 12690.5585 12690.5585
747 15872.2449 15872.2449
748 14925.0252 14925.0252
749 20755.1508 20755.1508
750 12086.4413 12086.4413
751 26006.7319 26006.7319
752 21441.8911 21441.8911
753 16691.5884 16691.5884
754 4725.0552 4725.0552
755 8903.1216 8903.1216
756 18673.9495 18673.9495
757 4788.1973 4788.1973
758 20137.7783 20137.7783
759 27455.4869 27455.4869
760 4051.6632 4051.6632
761 10370.2783 10370.2783
762 3796.7483 3796.7483
763 10288.9798 10288.9798
764 4629.0945 4629.0945
765 23070.9113 23070.9113
766 20615.7758 20615.7758
767 2677.5959 2677.5959
768 24709.9702 24709.9702
769 1484.9356 1484.9356
770 8174.3521 8174.3521
771 25010.9553 25010.9553
772 23978.4027 23978.4027
773 7617.6631 7617.6631
774 20953.5818 20953.5818
775 4830.2296 4830.2296
776 15457.3956 15457.3956
777 25587.4602 25587.4602
778 17668.2683 17668.2683
779 15189.2441 15189.2441
780 10810.6943 10810.6943
781 19007.1046 19007.1046
782 14711.1914 14711.1914
783 9125.5977 9125.5977
784 12907.9546 12907.9546
785 25091.7599 25091.7599
786 12681.5392 12681.5392
787 21271.2828 21271.2828
788 891.6415 891.6415
789 18614.4740 18614.4740
790 14260.6729 14260.6729
791 1421.3155 1421.3155
792 22182.0280 22182.0280
793 14845.9484 14845.9484
794 26142.0570 26142.0570
795 1506.1731 1506.1731
796 15969.0316 15969.0316
797 1966.5331 1966.5331
798 25244.0693 25244.0693
799 11079.5966 11079.5966
800 12744.1861 12744.1861
801 3188.2899 3188.2899
802 1238.9811 1238.9811
803 856.6275 856.6275
804 2960.1536 2960.1536
805 15791.2408 15791.2408
806 8407.4303 8407.4303
807 636.0407 636.0407
808 27509.8690 27509.8690
809 12237.0445 12237.0445
810 24540.2773 24540.2773
811 24984.2016 24984.2016
812 21205.9018 21205.9018
813 400.8403 400.8403
814 28273.5574 28273.5574
815 12921.1401 12921.1401
816 21133.1192 21133.1192
817 7931.8220 7931.8220
818 6514.1713 6514.1713
819 11853.8256 11853.8256
820 20114.1188 20114.1188
821 23338.2178 23338.2178
822 22562.6889 22562.6889
823 7697.5130 7697.5130
824 19920.3456 19920.3456
825 14228.5605 14228.5605
826 27310.0373 27310.0373
827 1580.1896 1580.1896
828 22392.4341 22392.4341
829 12124.8049 12124.8049
830 25826.2798 25826.2798
831 4518.3490 4518.3490
832 13222.5965 13222.5965
833 26193.0926 26193.0926
834 19527.5983 19527.5983
835 27016.7444 27016.7444
836 22375.3165 22375.3165
837 12286.4370 12286.4370
838 10145.8787 10145.8787
839 11804.1531 11804.1531
840 727.5532 727.5532
841 17503.1898 17503.1898
842 7838.4884 7838.4884
843 961.2375 961.2375
844 4172.1597 4172.1597
845 8570.9990 8570.9990
846 3523.2634 3523.2634
847 2845.5492 2845.5492
848 19849.7066 19849.7066
849 3221.7974 3221.7974
850 26166.3994 26166.3994
851 11107.3477 11107.3477
852 3945.6435 3945.6435
853 6851.8635 6851.8635
854 27717.6716 27717.6716
855 29746.8967 29746.8967
856 17765.7666 17765.7666
857 13390.4884 13390.4884
858 24038.7184 24038.7184
859 12444.7845 12444.7845
860 18255.4516 18255.4516
861 27880.5050 27880.5050
862 9163.6146 9163.6146
863 10418.8733 10418.8733
864 5503.4402 5503.4402
865 10229.8104 10229.8104
866 27104.6742 27104.6742
867 108.8999 108.8999
868 9323.2207 9323.2207
869 11293.4341 11293.4341
870 18682.6433 18682.6433
871 11794.0463 11794.0463
872 29659.2207 29659.2207
873 208.0161 208.0161
874 1947.5466 1947.5466
875 23633.7277 23633.7277
876 20320.9175 20320.9175
877 23204.7099 23204.7099
878 23464.4976 23464.4976
879 17255.1993 17255.1993
880 23163.4662 23163.4662
881 4113.2303 4113.2303
882 28961.6261 28961.6261
883 11369.9070 11369.9070
884 1077.1492 1077.1492
885 14364.9032 14364.9032
886 23117.4831 23117.4831
887 23392.7096 23392.7096
888 10690.2876 10690.2876
889 8970.4724 8970.4724
890 4969.5344 4969.5344
891 20498.5901 20498.5901
892 23421.2937 23421.2937
893 2893.0698 2893.0698
894 28324.4053 28324.4053
895 29674.1438 29674.1438
896 4825.7706 4825.7706
897 28101.4757 28101.4757
898 26881.4470 26881.4470
899 8707.0531 8707.0531
900 188.8270 188.8270
901 399.3861 399.3861
902 3353.5317 3353.5317
903 18439.3633 18439.3633
904 9224.0627 9224.0627
905 3740.8595 3740.8595
906 1028.5282 1028.5282
907 19715.0176 19715.0176
908 20773.7550 20773.7550
909 17143.2879 17143.2879
910 20285.5716 20285.5716
911 12577.0957 12577.0957
912 25206.4482 25206.4482
913 17536.8905 17536.8905
914 18073.4174 18073.4174
915 18620.0620 18620.0620
916 21485.6585 21485.6585
917 5573.3901 5573.3901
918 9956.6725 9956.6725
919 18511.6961 18511.6961
920 7372.7204 7372.7204
921 12368.4675 12368.4675
922 17917.3308 17917.3308
923 21703.9282 21703.9282
924 16351.9931 16351.9931
925 21127.3866 21127.3866
926 7015.3782 7015.3782
927 10677.3171 10677.3171
928 15436.1267 15436.1267
929 1983.3422 1983.3422
930 11654.3659 11654.3659
931 14875.0133 14875.0133
932 331.2519 331.2519
933 25034.7351 25034.7351
934 4374.6691 4374.6691
935 13176.0808 13176.0808
936 9956.6292 9956.6292
937 7738.4436 7738.4436
938 1846.7359 1846.7359
939 15166.6103 15166.6103
940 11074.7201 11074.7201
941 18646.5004 18646.5004
942 25649.5281 25649.5281
943 6634.4112 6634.4112
944 29346.9520 29346.9520
945 10833.1419 10833.1419
946 10405.8698 10405.8698
947 29400.5110 29400.5110
948 8923.6999 8923.6999
949 6689.0974 6689.0974
950 12622.2524 12622.2524
951 16000.1150 16000.1150
952 1404.6068 1404.6068
953 19451.4723 19451.4723
954 560.5440 560.5440
955 594.7791 594.7791
956 22821.0568 22821.0568
957 21600.0193 21600.0193
958 29764.6084 29764.6084
959 26148.1445 26148.1445
960 13540.1817 13540.1817
961 871.2335 871.2335
962 1879.0742 1879.0742
963 9199.0316 9199.0316
964 19629.8292 19629.8292
965 22579.2971 22579.2971
966 9445.7484 9445.7484
967 4974.9026 4974.9026
968 22815.2379 22815.2379
969 7032.1650 7032.1650
970 801.4275 801.4275
971 4431.3417 4431.3417
972 3933.7832 3933.7832
973 10270.6517 10270.6517
974 21709.8863 21709.8863
975 5960.2399 5960.2399
976 14192.8400 14192.8400
977 13810.2891 13810.2891
978 3077.6021 3077.6021
979 28494.5981 28494.5981
980 27739.3962 27739.3962
981 6333.5184 6333.5184
982 7955.1821 7955.1821
983 7822.0732 7822.0732
984 1438.2713 1438.2713
985 15084.0463 15084.0463
986 8194.3318 8194.3318
987 18181.0434 18181.0434
988 9637.2481 9637.2481
989 17010.9402 17010.9402
990 10865.4009 10865.4009
991 1683.8616 1683.8616
992 29968.7281 29968.7281
993 23652.9010 23652.9010
994 8472.9234 8472.9234
995 1067.7960 1067.7960
996 12824.4755 12824.4755
997 4495.7914 4495.7914
998 24786.5974 24786.5974
999 23901.4938 23901.4938
1000 3536.8549 3536.8549
